3.63379260e+00 -1.55904971e+01 2.54389821e+01 -1.87016084e+01 -4.09413527e+03
9.82390711e-01 -4.05194690e+00 6.56008098e+00 -4.96316605e+00 -4.09788617e+03
2.56519884e+00 -1.09354823e+01 1.78399638e+01 -1.31945321e+01 -4.09563418e+03
2.14095958e+00 -9.09045160e+00 1.48177018e+01 -1.09897743e+01 -4.09624303e+03
1.44115897e+00 -6.04790924e+00 9.83296232e+00 -7.35280978e+00 -4.09723858e+03
1.79592462e+00 -7.59220311e+00 1.23652886e+01 -9.20156455e+00 -4.09673385e+03
1.77770717e+00 -7.50804298e+00 1.22285189e+01 -9.10645840e+00 -4.09675764e+03
1.60661489e+00 -6.76855984e+00 1.10160062e+01 -8.21774969e+00 -4.09700245e+03
1.09107358e+00 -4.52404000e+00 7.33513018e+00 -5.53061421e+00 -4.09773301e+03
1.21391050e+00 -5.05759021e+00 8.20998050e+00 -6.16986255e+00 -4.09756004e+03
2.38486715e+00 -1.01478720e+01 1.65432492e+01 -1.22434442e+01 -4.09589912e+03
