159.30 1.0765537362835274 -4099.3567889377240
194.70 1.1142314546803290 -4099.3628485738260
162.84 1.0800043116405307 -4099.3613735016520
169.92 1.0869708132372250 -4099.3672313072275
184.08 1.1021746329592617 -4099.3685531237140
177.00 1.0944142683468580 -4099.3693949653410
173.46 1.0906792196664696 -4099.3687323250010
180.54 1.0982369259516607 -4099.3693144510590
191.16 1.1101339915619088 -4099.3652666735280
187.62 1.1061058814211324 -4099.3671866786400
166.38 1.0834857465162222 -4099.3648135902090
